7wx-ra2pg-22,365047,133916,10016
7r7-hq0li-8h,274010,145220,10024
8dz-3oy6p6-4,2774066,3757768,10869
fjv-rpqpc-b,574916,343656,20144
8e7-3qbn4g-f,0,120000,10856
fpp-2s86zs-5,0,120000,20313
7xe-t1m7u-y,111932,21066,10270
7yt-yne1o-58,0,240000,10206
7qp-hpux5-2y,0,108000,10001
8bg-38lfob-f,0,118036,10337
8hs-45sxur-2,0,200000,11008
fgm-ht7iw-a,0,163000,10732
8cv-3hsz6f-4,0,120000,10821
fgm-ht7iw-a,0,145000,10732
fl5-111yrm-3,0,119700,10362
fkm-wz7yo-2,787136,339404,20015
8i1-46r7mz-2,0,105000,11017
7pu-hpkw5-a5,0,112350,10002
83x-1gjksf-2,343946,224466,10506
fjs-r3tr2-6,0,200000,10893
fjs-r3tr2-6,0,163800,10893
8b1-35tg9p-8,0,105000,10340
fjs-r3tr2-6,0,115500,10893
7sq-i1p4n-2a,933188,754370,10001
8hr-45eldz-7,0,180000,11007
7xk-tmzee-y,0,144000,10183
8h0-42f64m-6,0,132000,10980
8dh-3lplj4-o,0,146000,10821
7xk-tmzee-y,0,144000,10183
8di-3lx65f-1,0,129600,10821
7uu-lkdjj-36,0,137340,10159
fim-m3es3-7,0,200000,10569
86e-2bwu2e-8,0,144000,10347
8gn-415bp3-5,0,318000,10967
fkn-xckdk-e,1052140,178820,20015
7ug-kj6yz-d,0,220500,10144
7ug-kj6yz-d,0,220500,10144
7ug-kj6yz-d,0,168000,10144
7ug-kj6yz-d,0,168000,10144
7ug-kj6yz-d,0,168000,10144
7ug-kj6yz-d,0,126000,10144
7ug-kj6yz-d,0,126000,10144
7ug-kj6yz-d,0,126000,10144
fmm-1bvaa7-e,0,144000,20124
8br-3aliuf-a,0,105000,10206
fhi-il9v3-75,0,100800,10124
81b-16rc2v-5,0,184800,10362
8hz-46lnfs-2,0,160000,11015
8i0-46p2ib-2,0,206000,11016
fng-1hq9ze-a,1135430,724642,20271
7zm-1106e9-2e,0,163000,10270
fhk-inceq-2z,0,105000,10893
fos-2g12hb-1,0,315000,20313
fos-2g12hb-1,0,228000,20313
fom-2dv7a7-3,0,120000,20198
fos-2g12hb-1,0,228000,20313
7ty-jfdfg-5d,0,105000,10032
fos-2g12hb-1,0,166150,20313
7ty-jfdfg-5d,0,151200,10032
ffm-hpm4y-ak,173846,71728,10813
fos-2g12hb-1,0,200000,20313
8hs-45hwg4-1,0,109408,11008
fos-2g12hb-1,0,112000,20313
8g8-3zsrex-a,0,107100,10951
fos-2g12hb-1,0,160000,20313
fns-21pchr-1,0,264600,10024
7qz-ic6bu-h,0,129000,10036
8i8-47iljq-2,0,162458,11024
8i8-47iljq-2,0,213630,11024
fie-l8b6n-5,959386,735482,10448
8bj-392cvz-3,0,167580,10337
fm5-18s5zl-3,0,120000,20171
8hn-44s3ng-9,0,226800,11003
fpj-2pywzy-4,0,124000,20119
8i0-46p2ib-2,0,160000,11016
8c3-3co29y-c,0,105000,10744
fib-kulh7-7,0,100800,10448
7vn-o5tqs-e,0,125048,10160
8dl-3mgz1k-m,0,120000,10825
ffw-hqb1o-11,0,146000,20011
85w-28w9de-2,0,210000,10300
868-2b5b1c-1,0,142518,10590
8g6-3zlmhi-1,0,110880,10949
81d-170ztd-n,0,209160,10018
8hc-43n9vl-b,0,163000,10992
81d-170ztd-n,0,126000,10018
7sf-hvxd3-3f,0,152000,10013
89q-2xb6q0-h,0,258720,10491
fow-2ioi6l-g,534610,405492,10506
89q-2xb6q0-h,0,100800,10491
fl7-11fm8e-5n,0,130000,20198
8hw-46894h-5,0,195882,11012
8gs-41npxq-4,0,105000,10968
fjf-p5sby-9,1388906,1442938,10045
fk7-tncii-4,0,120000,20159
fk7-tncii-4,0,120000,20159
ffz-hphqf-a,0,266000,20015
8db-3kmtsy-2,0,120000,10841
869-2bba12-4,0,126000,10590
869-2bba12-4,0,168000,10590
869-2bba12-4,0,152000,10590
8i0-46p2ib-2,0,180000,11016
869-2bba12-4,0,126000,10590
8de-3l3qez-y,0,125000,10841
869-2bba12-4,0,315000,10590
fhn-itfh7-1g,0,200000,10893
fgx-i0mru-2,0,119700,10732
7w6-ot0d2-k,0,144000,10004
7w6-ot0d2-k,0,144000,10004
89q-2xit39-1,0,120000,10043
7w6-ot0d2-k,0,120000,10004
7w6-ot0d2-k,0,120000,10004
7w6-ot0d2-k,0,120000,10004
7wu-qx2pi-4i,3914206,7212408,10183
8gz-42be77-1,0,144000,10979
8gz-42be77-1,0,129600,10979
8gz-42be77-1,0,145000,10979
7r2-hq1up-7x,0,133000,10045
7v2-m7rvs-p,0,104000,10045
7v2-m7rvs-p,0,104000,10045
7v2-m7rvs-p,0,116000,10045
fjc-ordqi-18,0,100800,10045
fjc-ordqi-18,0,120000,10045
fjc-ordqi-18,0,144000,10045
fjc-ordqi-18,0,144000,10045
fjc-ordqi-18,0,144000,10045
7v2-m6osh-3z,0,252000,10045
7v2-m6osh-3z,0,105000,10045
fjj-ppj5k-t,0,160000,10045
fjj-ppj5k-t,0,180000,10045
fjj-ppj5k-t,0,180000,10045
81e-1751vc-12,0,168000,10045
81e-1751vc-12,0,264600,10045
81e-1751vc-12,0,201600,10045
81e-1751vc-12,0,369600,10045
81e-1751vc-12,0,203280,10045
81e-1751vc-12,0,120000,10045
81e-1751vc-12,0,120000,10045
81e-1751vc-12,0,120000,10045
81e-1751vc-12,0,144000,10045
81e-1751vc-12,0,144000,10045
fig-lb955-2,0,138600,10024
7qh-hpqhi-b,0,145000,10024
7qh-hpqhi-b,0,163000,10024
7qh-hpqhi-b,0,146000,10024
7qh-hpqhi-b,0,181000,10024
7qh-hpqhi-b,0,162000,10024
7qh-hpqhi-b,0,113400,10024
7qh-hpqhi-b,0,266000,10024
7qh-hpqhi-b,0,266000,10024
7s5-htx64-4p,0,117600,10029
8ae-31mwk0-3m,0,120000,10029
8ae-31mwk0-3m,0,144000,10029
8ae-31mwk0-3m,0,144000,10029
fqo-34qmc9-2,0,105000,10041
7ws-qozhz-3,0,144000,10041
7ws-qozhz-3,0,120000,10041
7ws-qozhz-3,0,144000,10041
7ws-qozhz-3,0,144000,10041
7ws-qozhz-3,0,144000,10041
7ws-qozhz-3,0,168000,10041
7ws-qozhz-3,0,220500,10041
7ws-qozhz-3,0,264600,10041
7ws-qozhz-3,0,369600,10041
7ws-qozhz-3,0,228000,10041
7ws-qozhz-3,0,285000,10041
7ws-qozhz-3,0,120000,10041
7ws-qozhz-3,0,120000,10041
7sm-hyr8b-w,0,200000,10041
7sm-hyr8b-w,0,200000,10041
7sm-hyr8b-w,0,163000,10041
7sm-hyr8b-w,0,180000,10041
7sm-hyr8b-w,0,160000,10041
7sm-hyr8b-w,0,160000,10041
7sm-hyr8b-w,0,285000,10041
7qy-hq01s-4s,0,277200,10041
8cq-3gw12e-g,0,264600,10825
8cs-3j936g-3,0,115200,10825
8cs-3j936g-3,0,144000,10825
8cq-3k66xg-1,0,120000,10825
8cq-3k66xg-1,0,144000,10825
8cq-3k66xg-1,0,144000,10825
8dl-3md848-6,0,144000,10825
fjv-rnb9w-l,0,203280,20144
fjv-rnb9w-l,0,126000,20144
fjv-rnb9w-l,0,138600,20144
fjv-rnb9w-l,0,166320,20144
fjv-rnb9w-l,0,264000,20144
fjy-s605a-z,0,144000,20144
fjk-qb24w-2,0,352800,20144
fjk-q3f07-k,0,166320,20144
fjk-py2lb-2w,0,352800,20144
fjk-qazuc-5,0,201600,20144
fjk-qazuc-5,0,352800,20144
fk4-t3560-n,0,252000,20144
fk4-t3560-n,0,352800,20144
fk4-t36xy-16,0,252000,20144
fk4-t36xy-16,0,352800,20144
fk4-t5ft1-2,0,252000,20144
fk4-t5ft1-2,0,352800,20144
fjy-sa243-r,0,252000,20144
fjk-q3q43-4,0,113400,20144
fjk-q3q43-4,0,352800,20144
fjk-pvv7i-e,0,214200,20144
fjk-pvv7i-e,0,352800,20144
fjk-pw1h8-1,0,252000,20144
fjk-pw1h8-1,0,147840,20144
fjk-pyje6-a,0,252000,20144
fjk-pyje6-a,0,352800,20144
fjk-pyrgp-g,0,252000,20144
fjk-pyrgp-g,0,352800,20144
fhl-iqyyd-1f,0,144000,10732
fg3-hqp2y-9,0,120000,10732
fg3-hqp2y-9,0,120000,10732
fg3-hqp2y-9,0,120000,10732
fg3-hqp2y-9,0,120000,10732
fg3-hvf7k-d,0,115200,10732
fg3-hvf7k-d,0,144000,10732
fhl-ioncq-a,0,100800,10732
fhl-ioncq-a,0,184800,10732
fhl-ioncq-a,0,441000,10732
fgq-hu4z2-7z,0,252000,10732
fg3-hsz5p-c,0,110880,10732
fg3-hsz5p-c,0,118036,10732
7zm-110luz-s,0,120000,10270
fi4-k6gs7-w,0,144000,10270
fi4-k6gs7-w,0,144000,10270
7xa-slclk-1f,0,210000,10270
7xa-slclk-1f,0,100800,10270
7xa-slclk-1f,0,151200,10270
7xa-slclk-1f,0,264600,10270
7xa-slclk-1f,0,171000,10270
ffu-hq01t-2,0,130000,10270
ffu-hq01t-2,0,129000,10270
ffu-hq01t-2,0,200000,10270
ffu-hq01t-2,0,160000,10270
ffu-hq01t-2,0,180000,10270
ffu-hq01t-2,0,200000,10270
ffu-hq01t-2,0,200000,10270
fho-iul2a-9,0,144000,10893
fho-iul2a-9,0,144000,10893
fii-lklqp-k,0,184800,10893
fhk-inyn6-z,0,115200,10893
fhk-inyn6-z,0,120000,10893
fhk-inyn6-z,0,120000,10893
fhk-inyn6-z,0,144000,10893
8em-3sthxp-1s,0,147000,10893
8em-3sthxp-1s,0,115500,10893
8em-3sthxp-1s,0,115500,10893
8em-3sthxp-1s,0,138600,10893
8em-3sthxp-1s,0,138600,10893
8em-3sthxp-1s,0,166320,10893
8em-3sthxp-1s,0,110880,10893
8em-3sthxp-1s,0,110880,10893
fih-lho1c-v,0,100800,10893
fih-lho1c-v,0,352800,10893
fih-lgpx7-o,0,176400,10893
fih-lgpx7-o,0,147000,10893
fih-lgpx7-o,0,312000,10893
fho-iwoft-7,0,115200,10893
fho-iwoft-7,0,144000,10893
7yf-x50wj-3c,0,277200,10311
7yf-x50wj-3c,0,110880,10311
881-2mopd1-8,0,360000,10311
881-2mopd1-8,0,126000,10311
881-2mopd1-8,0,168000,10311
881-2mopd1-8,0,168000,10311
881-2motly-j,0,192000,10311
881-2motly-j,0,145000,10311
881-2motly-j,0,145000,10311
881-2motly-j,0,146000,10311
8d8-3k4o8q-f,0,144000,10927
7qn-hrft0-h,0,220500,10927
7t3-iamhu-3i,0,134400,10097
7t3-iamhu-3i,0,240240,10097
7t3-iamhu-3i,0,252000,10097
7t7-ie987-5z,0,126000,10097
7t7-ie987-5z,0,159600,10097
7t7-ie987-5z,0,168000,10097
7t7-ie987-5z,0,220500,10097
7t7-ie987-5z,0,220500,10097
7t7-ie987-5z,0,264600,10097
7t7-ie987-5z,0,264600,10097
7t7-ie987-5z,0,369600,10097
7sh-hwcgp-1s,0,141000,10097
7t3-ia84z-34,0,360000,10097
7t3-ia84z-34,0,168000,10097
7t3-ia84z-34,0,168000,10097
7t3-ia84z-34,0,220500,10097
7t3-ia84z-34,0,264600,10097
7u7-jza2z-15,0,144000,10159
7u7-jza2z-15,0,144000,10159
7ut-lh5w9-g,0,108000,10159
7ut-lh5w9-g,0,158760,10159
7ut-lh5w9-g,0,157500,10159
7ut-lh5w9-g,0,115500,10159
7ut-lh5w9-g,0,210000,10159
7ut-lh5w9-g,0,117600,10159
7ut-lh5w9-g,0,168000,10159
fly-167ows-m,0,103950,10159
fly-167ows-m,0,159600,10159
7u7-jza2z-15,0,120000,10159
7u7-jza2z-15,0,144000,10159
7u7-jza2z-15,0,144000,10159
flj-13s37g-2,0,219000,10159
flj-13s37g-2,0,120000,10159
flj-13s37g-2,0,360000,10159
flj-13s37g-2,0,145000,10159
flj-13s37g-2,0,163000,10159
flj-13s37g-2,0,180000,10159
flj-13s37g-2,0,200000,10159
flj-13s37g-2,0,160000,10159
flj-13s37g-2,0,180000,10159
flj-13s37g-2,0,200000,10159
flj-13s37g-2,0,200000,10159
flj-13s37g-2,0,161000,10159
flj-13s37g-2,0,160000,10159
flj-13s37g-2,0,160000,10159
flj-13s37g-2,0,180000,10159
flj-13s37g-2,0,200000,10159
7wz-rh9db-18,0,294000,10159
7wz-rh9db-18,0,360000,10159
7wz-rh9db-18,0,126000,10159
7wz-rh9db-18,0,151200,10159
7wz-rh9db-18,0,168000,10159
7wz-rh9db-18,0,252000,10159
7wz-rh9db-18,0,129360,10159
7wz-rh9db-18,0,108000,10159
fly-169p2j-c,0,144000,10159
fly-169p2j-c,0,144000,10159
fly-169p2j-c,0,144000,10159
fly-169p2j-c,0,120000,10159
fly-167ows-m,0,120000,10159
fly-16b99x-h,0,120000,10159
flv-15uwoo-l,0,105000,10159
flv-15uwoo-l,0,120000,10159
flv-15uwoo-l,0,105000,10159
flv-15uxlj-m,0,277200,10159
84t-1wyv22-r,0,231000,10448
84t-1wyv22-r,0,312000,10448
80t-154xa0-2u,0,120000,10326
80t-154xa0-2u,0,144000,10326
80t-154xa0-2u,0,144000,10326
80x-15qt74-3w,0,105000,10326
80x-15qt74-3w,0,103206,10326
80x-15qt74-3w,0,240240,10326
fir-mfub6-1q,0,184800,10569
fir-mfub6-1q,0,144000,10569
fir-mfub6-1q,0,144000,10569
fir-mfub6-1q,0,120000,10569
fij-lpcza-s,0,201600,10569
fij-lpcza-s,0,256200,10569
fir-mfvfz-8,0,144000,10569
fir-mfvfz-8,0,144000,10569
fir-mfvfz-8,0,120000,10569
fir-mfw1p-1i,0,163000,10569
fir-mfw1p-1i,0,163000,10569
fir-mfw1p-1i,0,181000,10569
fir-mfw1p-1i,0,360000,10569
fir-mfvw9-16,0,554400,10569
fir-mfvjv-c,0,120000,10569
fir-mfvjv-c,0,181000,10569
fir-mfvjv-c,0,130000,10569
fir-mfvjv-c,0,144000,10569
fir-mfvjv-c,0,144000,10569
fir-mfvjv-c,0,144000,10569
fir-mfvjv-c,0,283920,10569
fir-mfvjv-c,0,126000,10569
ffl-hpmg8-t,0,304920,10056
ffl-hpmg8-t,0,369600,10056
ffl-hpmg8-t,0,110880,10056
ffl-hpmg8-t,0,143000,10056
ffl-hpmg8-t,0,150000,10056
7sw-i6or7-ca,0,115500,10056
7sw-i6or7-ca,0,441000,10056
7sw-i6or7-ca,0,264600,10056
7sw-i6or7-ca,0,526680,10056
7sw-i6or7-ca,0,184800,10056
fqx-37s6zh-7,0,144000,10056
7rs-hry1f-c,0,252000,10072
7rs-hry1f-c,0,130000,10072
7rs-iud2s-4,0,160000,10072
7rs-iud2s-4,0,160000,10072
7rs-iud2s-4,0,180000,10072
7rs-iud2s-4,0,180000,10072
7rs-iud2s-4,0,200000,10072
7rs-iud2s-4,0,200000,10072
7vw-p8u31-1,0,120000,10072
7vw-p8u31-1,0,144000,10072
7vw-p8u31-1,0,144000,10072
7vq-nsw50-14,0,129000,10072
7vq-nsw50-14,0,200000,10072
8g0-3z2dvt-1,0,352800,10943
8g0-3z2dvt-1,0,325500,10943
8g9-3zyl1h-2,0,106050,10953
fog-2bqft7-2,0,221760,20159
fog-2bqft7-2,0,258720,20159
fog-2bqft7-2,0,163800,20159
fog-2bqft7-2,0,214200,20159
fk7-tncii-4,0,119700,20159
fk7-tncii-4,0,126000,20159
fjz-sbkal-10,0,120000,20159
fjz-sbkal-10,0,144000,20159
fjz-sbkal-10,0,144000,20159
foi-2d1z6e-1,0,216000,20159
foi-2d1z6e-1,0,126000,20159
fk0-skb2c-g,0,360000,20159
fk7-tncii-4,0,168000,20159
fk7-tncii-4,0,168000,20159
fk7-tncii-4,0,220500,20159
fk7-tncii-4,0,220500,20159
fk7-tncii-4,0,163800,20159
fk7-tncii-4,0,144000,20159
fk7-tncii-4,0,129600,20159
fk7-tncii-4,0,144000,20159
fk7-tqv13-10,0,120000,20159
fk7-tncii-4,0,120000,20159
8bl-3adtiz-2,0,160000,10206
8bl-39h583-1,0,120000,10206
8bl-39h583-1,0,144000,10206
8bm-39k1pm-1,0,120000,10206
7vi-nabku-31,0,203280,10206
7wc-pcdvp-12,0,120000,10206
7wc-pcdvp-12,0,120000,10206
7wc-pcdvp-12,0,144000,10206
885-2ncjdc-t,0,199500,10275
885-2ncjdc-t,0,239400,10275
885-2ncjdc-t,0,369600,10275
885-2ncjdc-t,0,120000,10275
885-2ncjdc-t,0,120000,10275
885-2n87el-1x,0,108000,10275
87r-2kx8kx-4,0,105000,10275
884-2n3dmv-1f,0,189000,10275
7xf-t56te-3v,0,120000,10275
7xf-t56te-3v,0,144000,10275
7xf-t56te-3v,0,144000,10275
8gb-4045ws-2,0,105000,10955
8gb-4045ws-2,0,126000,10955
82t-1chofl-2b,0,214200,10459
82k-1bpaqn-1w,0,351120,10459
82k-1bpaqn-1w,0,180000,10459
82k-1bpaqn-1w,0,180000,10459
82r-1ccgpe-1s,0,285000,10459
82r-1ccgpe-1s,0,314160,10459
82r-1ccgpe-1s,0,129600,10459
8ge-40f5tv-5,0,105000,10957
8ge-40f5tv-5,0,120000,10957
8ge-40f5tv-5,0,120000,10957
8ge-40eo22-1u,0,195882,10957
8ge-40eo22-1u,0,180000,10957
8ge-40eo22-1u,0,200000,10957
fj0-ndh6v-9,0,210000,20221
fou-2i7q43-1,0,168000,20221
fjp-sktjs-1,0,264000,20221
flv-15va4k-k,0,110880,20221
fov-2i8i2f-1,0,199500,20221
fov-2i8i2f-1,0,126000,20221
fov-2i8i2f-1,0,138600,20221
fov-2i8i2f-1,0,184800,20221
fou-2jsmnt-1,0,189000,20221
fox-2htswt-4,0,108000,20221
fox-2htswt-4,0,118000,20221
fpg-2pdm5p-2,0,160000,20119
fpg-2pdm5p-2,0,180000,20119
fj5-o09ka-o,0,152000,20119
fj5-o09ka-o,0,231000,20119
fjl-q4479-9,0,168000,20119
fpj-2pywzy-4,0,144000,20119
fj5-o09ka-o,0,294000,20119
fj5-o09ka-o,0,336000,20119
fj5-o09ka-o,0,360000,20119
fje-p4whl-a,0,133000,20126
fml-1blq7g-x,0,105000,20126
fml-1blq7g-x,0,105000,20126
fml-1blq7g-x,0,105000,20126
fml-1blq7g-x,0,240000,20126
fml-1blq7g-x,0,120000,20126
fml-1blq7g-x,0,120000,20126
8gq-41gtwr-6,0,120000,10968
8gq-41gtwr-6,0,294000,10968
8gq-41gtwr-6,0,360000,10968
8gh-40mavn-1,0,192000,10961
8gj-40s9la-a,0,120000,10961
8gj-40s9la-a,0,129000,10961
8gj-40ug6h-3,0,105000,10961
8gy-42a8v3-6,0,200000,10975
8gx-425n1m-3,0,130000,10976
8h5-42xzgz-1l,0,252000,10985
8h5-42xzgz-1l,0,143000,10985
8h5-42xzgz-1l,0,168000,10985
8h9-43cjml-1g,0,120000,10989
8hc-43nr0t-1,0,252000,10992
8hc-43nr0t-1,0,109408,10992
8hc-43nr0t-1,0,120000,10992
8hc-43qgen-1,0,120000,10992
8hc-43qgen-1,0,144000,10992
8hc-43qgen-1,0,144000,10992
8hd-43rsn0-1e,0,180000,10993
8hd-43rsn0-1e,0,180000,10993
8hd-43rsn0-1e,0,200000,10993
8hd-43stvw-7,0,166150,10993
8hd-43r9tc-3,0,163000,10993
8hn-44s9zy-q,0,120000,11003
8hn-44rymi-1,0,120000,11003
8hn-44rymi-1,0,415800,11003
8hn-44rymi-1,0,110880,11003
8hn-44rymi-1,0,147000,11003
8hn-44rymi-1,0,146000,11003
8hn-44rymi-1,0,146000,11003
8hn-44rymi-1,0,200000,11003
8hn-44rymi-1,0,339000,11003
8i0-46mouz-3,0,206000,11016
8i0-46mouz-3,0,120000,11016
8i0-46mouz-3,0,162000,11016
8i0-46mouz-3,0,163000,11016
8i0-46p2ib-2,0,160000,11016
8i0-46p2ib-2,0,200000,11016
8i0-46ntlu-6,0,120000,11016
8i2-46wlm6-1,0,112000,11018
8i2-46wlm6-1,0,120000,11018
8i2-46wlm6-1,0,168000,11018
8i2-46uurm-7,0,119340,11018
8i2-46wh9d-i,0,120000,11018
8i4-471fqb-1,0,129000,11020
8i4-471fqb-1,0,163000,11020
8i4-471fqb-1,0,200000,11020
8i4-471fqb-1,0,120000,11020
8i4-471fqb-1,0,120000,11020
7ri-hw0l3-f,0,147000,10036
7qt-hprcw-5c,0,144000,10036
7qt-hprcw-5c,0,144000,10036
7qt-hprcw-5c,0,120000,10036
7qt-hprcw-5c,0,120000,10036
7vh-n7d0e-h,0,133000,10009
7vh-n7d0e-h,0,147000,10009
7vh-n7d0e-h,0,168000,10009
8ex-3uoqlq-3,0,176400,10009
8ex-3uoqlq-3,0,106050,10009
8ex-3uoqlq-3,0,103950,10009
8ex-3uoqlq-3,0,315000,10009
8ex-3uoqlq-3,0,336000,10009
8ex-3uoqlq-3,0,120000,10009
8ex-3uoqlq-3,0,120000,10009
8ex-3uoqlq-3,0,120000,10009
7vr-nxll8-10,0,131040,10009
7vr-nxll8-10,0,184800,10009
8ez-3uwm5v-4,0,144000,10009
7te-il2jt-4w,0,210000,10009
7te-il2jt-4w,0,178500,10009
7te-il2jt-4w,0,239400,10009
7te-il2jt-4w,0,264600,10009
7te-il2jt-4w,0,351120,10009
7te-il2jt-4w,0,133000,10009
7te-il2jt-4w,0,294000,10009
7te-il2jt-4w,0,315000,10009
7te-il2jt-4w,0,360000,10009
7te-il2jt-4w,0,360000,10009
7vh-n7d0e-h,0,273000,10009
7vh-n7d0e-h,0,270000,10009
7s1-ht91a-ai,0,239400,10011
7s1-ht91a-ai,0,120000,10011
7s1-ht91a-ai,0,318000,10011
81b-16tibs-3i,0,120000,10011
81b-16tibs-3i,0,240000,10011
81b-16tibs-3i,0,168000,10011
81b-16tibs-3i,0,201600,10011
7w9-p3b7y-14,0,144000,10011
81a-16pdjf-m,0,168000,10011
7w9-p3b7y-14,0,129600,10011
7w8-p1db7-10,0,108000,10232
80v-15h1c3-5,0,120000,10232
80v-15h1c3-5,0,120000,10232
80v-15h1c3-5,0,120000,10232
80v-15h1c3-5,0,120000,10232
847-1h7r2o-5g,0,145000,10232
847-1h7r2o-5g,0,180000,10232
847-1h7r2o-5g,0,163000,10232
847-1h7r2o-5g,0,200000,10232
847-1h7r2o-5g,0,200000,10232
847-1h7r2o-5g,0,190000,10232
7rs-hsua5-3,0,199500,10232
7rs-hsua5-3,0,252000,10232
7rs-hsua5-3,0,163800,10232
841-1gt6rd-25,0,240000,10232
841-1gt6rd-25,0,120000,10232
841-1gt6rd-25,0,360000,10232
841-1gt6rd-25,0,360000,10232
7rs-ht42u-1y,0,220500,10232
7rs-ht42u-1y,0,264600,10232
7rs-ht42u-1y,0,162000,10232
7rs-ht42u-1y,0,181000,10232
7rs-ht42u-1y,0,162000,10232
7rs-ht42u-1y,0,315000,10232
7rs-ht42u-1y,0,210000,10232
7rs-ht42u-1y,0,105000,10232
7rs-ht42u-1y,0,360000,10232
7rs-ht42u-1y,0,360000,10232
7rs-ht42u-1y,0,264600,10232
7rs-ht42u-1y,0,264600,10232
7rs-ht42u-1y,0,369600,10232
7rs-ht42u-1y,0,332640,10232
7th-iqond-3,0,118036,10026
7th-iqond-3,0,159248,10026
7th-iqond-3,0,144000,10026
7th-iqond-3,0,129000,10026
7th-iqond-3,0,163000,10026
7th-iqond-3,0,120000,10026
7qi-hpm1k-52,0,120000,10026
7qi-hpm1k-52,0,144000,10026
86o-2dsdwl-b,0,163000,10026
7sf-hw7cf-34,0,120000,10002
7sf-hw7cf-34,0,144000,10002
7sf-hw7cf-34,0,144000,10002
7sf-hw7cf-34,0,144000,10002
7qe-hpsaa-2q,0,315000,10001
7rm-hr7w6-6a,0,120000,10001
7qe-hpo47-9b,0,184800,10001
7qe-hpo47-9b,0,221760,10001
7q0-hphei-by,0,120000,10001
7q0-hphei-by,0,120000,10001
7q0-hphei-by,0,120000,10001
7t6-idjgn-1s,0,144000,10001
7t6-idjgn-1s,0,144000,10001
85a-254unv-4,0,104012,10016
7s7-hu50d-61,0,168000,10016
7s7-hu50d-61,0,151200,10016
7s7-hu50d-61,0,210000,10016
7s7-hu50d-61,0,100800,10016
7tg-in5fr-1r,0,120000,10016
7tg-in5fr-1r,0,120000,10016
7tg-in5fr-1r,0,120000,10016
7tg-in5fr-1r,0,144000,10016
7tg-in5fr-1r,0,144000,10016
854-23n5mk-g,0,180000,10016
7x0-rlgwq-i,0,220500,10016
7x0-rlgwq-i,0,144000,10016
7x0-rlgwq-i,0,144000,10016
7q7-hpkon-29,0,120000,10016
7q7-hpkon-29,0,120000,10016
7q7-hpkon-29,0,108000,10016
fg0-hpg2x-5,0,105000,20015
fg0-hpg2x-5,0,122000,20015
fg0-hror5-a,0,105000,20015
fh0-hx6k9-4k,0,130000,20015
fh0-hx6k9-4k,0,160000,20015
fh0-hx6k9-4k,0,180000,20015
fhz-jpysa-i,0,168000,20015
fhz-jpysa-i,0,107100,20015
fhz-jpysa-i,0,168000,20015
fhz-jpysa-i,0,220500,20015
fgx-i285o-8,0,147000,20015
fgx-i285o-8,0,339000,20015
fgx-i285o-8,0,360000,20015
81l-17x4bo-r,0,109200,10018
7qk-hplrw-b,0,138600,10018
7qk-hplrw-b,0,147840,10018
7qk-hplrw-b,0,184800,10018
7qk-hplrw-b,0,129360,10018
81n-1897dk-1t,0,120000,10018
81n-1897dk-1t,0,216000,10018
81n-1897dk-1t,0,126000,10018
81n-1897dk-1t,0,126000,10018
7tx-jdits-8,0,144000,10149
7tx-jd3nf-f,0,146000,10149
7tx-jd3nf-f,0,163000,10149
7xm-tsw2l-5,0,129600,10149
7xm-tsw2l-5,0,120000,10149
7xm-tsw2l-5,0,144000,10149
7xm-tsw2l-5,0,144000,10149
8a3-2zqunz-v,0,360000,10162
8a3-2zqunz-v,0,145000,10162
8a3-2zqunz-v,0,180000,10162
8a3-2zqunz-v,0,200000,10162
8a3-2zqunz-v,0,120000,10162
7xw-uwith-1y,0,115200,10162
fnn-1pppq2-1,0,120000,20186
fnn-1pppq2-1,0,144000,20186
fiw-myud3-4,0,203280,20186
fiw-myud3-4,0,110880,20186
fiw-myud3-4,0,351120,20186
fiw-myud3-4,0,113400,20186
fnt-29s51z-1,0,129000,20186
fnt-29s51z-1,0,129000,20186
fnt-29s51z-1,0,120000,20186
fiy-n8e3s-3,0,120000,20186
fiy-n8e3s-3,0,144000,20186
fiy-n8e3s-3,0,144000,20186
fl3-10q0qk-5,0,369600,20186
fl3-10q0qk-5,0,184800,20186
fhu-jb8kj-4,0,144000,20011
fhu-jb8kj-4,0,144000,20011
fin-m8xxp-u,0,110880,20011
ffw-hqhsq-14,0,252000,20011
fi0-jtl05-1g,0,120000,20011
fin-mm941-4,0,166320,20011
fhu-jbxzg-6l,0,168000,20011
fhw-jgstc-6,0,143000,20011
fhw-jgstc-6,0,180000,20011
8ca-3e1nwn-4,0,120000,10013
8ca-3e1nwn-4,0,144000,10013
8ca-3e1nwn-4,0,144000,10013
8ca-3e1nwn-4,0,144000,10013
8ca-3e1nwn-4,0,190000,10013
8ca-3e1nwn-4,0,210000,10013
8ca-3e1nwn-4,0,105000,10013
8ca-3e1nwn-4,0,273000,10013
8ca-3e1nwn-4,0,360000,10013
8ca-3e1nwn-4,0,360000,10013
8ca-3e1nwn-4,0,113400,10013
8c9-3dqc0n-4,0,108000,10013
8cc-3eacgi-2,0,144000,10013
8cc-3eacgi-2,0,144000,10013
7sf-hw54h-4b,0,288000,10013
7qb-hpgx3-32,0,295680,10013
7qb-hpgx3-32,0,264600,10013
7qb-hpgx3-32,0,264600,10013
7qb-hpgx3-32,0,220500,10013
7qb-hpgx3-32,0,168000,10013
7qb-hpgx3-32,0,220500,10013
7qb-hpgx3-32,0,168000,10013
7qb-hpgx3-32,0,168000,10013
7qb-hpgx3-32,0,126000,10013
7qb-hpgx3-32,0,113400,10013
81f-17722h-1o,0,273000,10047
7ye-x396k-54,0,240000,10506
7ye-x396k-54,0,264600,10506
7ye-x396k-54,0,295680,10506
7ye-x396k-54,0,120000,10506
7ye-x396k-54,0,108000,10506
7ye-x396k-54,0,120000,10506
7uz-lxiq7-k,0,252000,10144
86s-2elxlw-t,0,120000,10043
86s-2elxlw-t,0,108000,10043
86s-2elxlw-t,0,247000,10043
7vc-mtpi4-2e,0,116112,10043
7vc-mtpi4-2e,0,120000,10043
7t2-iamx4-2b,0,129600,10043
8b4-36bahm-2,0,554400,10032
8az-35me8w-g,0,126000,10032
7u1-jn6ev-54,0,113400,10032
7ti-iqyq2-1h,0,129600,10032
8b4-36bahm-2,0,369600,10032
7w6-ousdn-e,0,160000,10004
7vy-ob22v-25,0,120000,10004
7vy-ob22v-25,0,144000,10004
7vy-ob22v-25,0,144000,10004
7vy-ob22v-25,0,144000,10004
7vy-ob22v-25,0,120000,10004
7vy-ob22v-25,0,144000,10004
7vy-ob22v-25,0,144000,10004
7vy-ob22v-25,0,120000,10004
7vy-ob22v-25,0,144000,10004
7vy-ob22v-25,0,144000,10004
7pw-i48b9-6,0,129600,10004
7qc-isiz0-8,0,144000,10004
7vu-o1hy2-8,0,378000,10004
7vu-o1hy2-8,0,168000,10004
7vu-o1hy2-8,0,220500,10004
7vu-o1hy2-8,0,554400,10004
7qm-hpksh-28,0,168000,10004
7vw-o6wjx-1b,0,109200,10004
7qq-hpn13-26,0,120000,10004
7qq-hpn13-26,0,108000,10004
7qq-hpn13-26,0,113400,10004
7tv-j9a0t-u,0,168000,10124
7tv-j9sot-1z,0,209000,10124
7tv-j9sot-1z,0,171000,10124
7tv-j9sot-1z,0,247000,10124
7tv-j9a0t-u,0,126000,10124
fgr-hu5b8-5b,0,184800,10124
fob-2a30s5-9,0,109200,10124
fob-2a30s5-9,0,142800,10124
fob-2a30s5-9,0,178500,10124
fob-2a30s5-9,0,220500,10124
fob-2a30s5-9,0,126000,10124
fob-2a30s5-9,0,336000,10124
fob-2a30s5-9,0,312000,10124
fob-2a30s5-9,0,360000,10124
fob-2a30s5-9,0,252000,10124
fob-2a30s5-9,0,369600,10124
7t9-ifk9t-64,0,105000,10124
7t9-ifk9t-64,0,190000,10124
7t9-ifk9t-64,0,315000,10124
820-19rlfj-26,0,100800,10267
820-19rlfj-26,0,144000,10267
7xs-ugori-5,0,120000,10267
7xs-ugori-5,0,144000,10267
81z-19n5u7-30,0,120000,10267
81n-186scx-q,0,266000,10267
81n-186scx-q,0,190000,10267
81n-186scx-q,0,120000,10267
81n-186scx-q,0,120000,10267
fq5-2xog3j-4,0,120000,20198
fq5-2xog3j-4,0,144000,20198
fla-123rvz-e,0,195882,20198
fla-123rvz-e,0,180000,20198
fka-ub4nx-q,0,240000,20032
fka-ub4nx-q,0,192000,20032
fka-ub4nx-q,0,315000,20032
fka-ub4nx-q,0,252000,20032
fh2-i12rt-3k,0,252000,20032
fkg-vnv3j-2,0,133000,20032
fh3-hyubd-1f,0,168000,20032
fh3-hyubd-1f,0,180000,20032
fh3-hyubd-1f,0,200000,20032
fh3-hyubd-1f,0,200000,20032
fh3-hyubd-1f,0,339000,20032
fh3-hyubd-1f,0,315000,20032
8cn-3g9q9a-9,0,200000,10821
8cn-3g9q9a-9,0,120000,10821
8cn-3g9q9a-9,0,206000,10821
8cw-3hw9j6-z,0,216000,10821
8cv-3hsz6f-4,0,105000,10821
8cn-3g8nqn-5,0,120000,10821
8d4-3jel5h-e,0,152000,10825
8e2-3ph1gj-2d,0,144000,10869
8f4-3vtd1s-6,0,120000,10869
8e1-3pfu2a-1,0,120000,10869
8e1-3pfu2a-1,0,144000,10869
8f6-3w6nz2-5,0,111024,10869
8f6-3w6nz2-5,0,210000,10869
8e2-3ph1gj-2d,0,144000,10869
8e2-3ph1gj-2d,0,144000,10869
8e4-3pr7yr-n,0,115200,10869
8e4-3pr7yr-n,0,178134,10869
8e4-3pr7yr-n,0,129000,10869
8e4-3pr7yr-n,0,220500,10869
8cg-3eyu2f-2,0,336000,10813
8cg-3eyu2f-2,0,126000,10813
8cg-3eyu2f-2,0,360000,10813
8cg-3eyu2f-2,0,126000,10813
ffn-hrf0f-3g,0,180000,10813
ffm-hpm6y-1a,0,315000,10813
fhj-in8p2-s,0,108000,10813
8cf-3exjxv-b,0,143000,10813
fhi-ili2d-11,0,159600,10813
fhi-ili2d-11,0,220500,10813
fg4-hphh6-jf,0,163000,10813
8ci-3fbme2-1,0,266000,10813
8cd-3efy8h-j,0,144000,10813
8cd-3efy8h-j,0,144000,10813
fg4-hruic-e,0,166150,10813
fg4-hruic-e,0,146000,10813
fg4-hruic-e,0,162000,10813
fg4-hphh6-jf,0,130000,10813
fg8-hq31b-rc,0,264600,10813
8cf-3etoue-n,0,144000,10813
878-2hhgsh-b,0,160000,10624
878-2hhgsh-b,0,160000,10624
fmn-1c19lo-8,0,120000,10624
87i-2jf669-5,0,144000,10624
87c-2i5s0k-5,0,144000,10624
87c-2i5s0k-5,0,144000,10624
8ee-3rlvfq-6,0,105000,10841
8ee-3rlvfq-6,0,210000,10841
8ee-3rlvfq-6,0,360000,10841
8ee-3rlvfq-6,0,119700,10841
8ee-3rlvfq-6,0,142800,10841
8ee-3rlvfq-6,0,144000,10841
8ee-3rlvfq-6,0,220500,10841
8de-3l2qvj-7,0,115200,10841
8d7-3jxpkq-8,0,120000,10841
8d7-3jxpkq-8,0,144000,10841
8d9-3k7jqh-b,0,115500,10841
8d9-3k7jqh-b,0,135000,10841
8eg-3ry1wg-5,0,415800,10841
896-2ttdqk-24,0,239400,10532
896-2ttdqk-24,0,221760,10532
896-2ttdqk-24,0,210000,10532
896-2ttdqk-24,0,369600,10532
896-2ttdqk-24,0,264600,10532
896-2ttdqk-24,0,220500,10532
896-2ttdqk-24,0,168000,10532
896-2ttdqk-24,0,168000,10532
896-2ttdqk-24,0,113400,10532
896-2ttdqk-24,0,119700,10532
896-2ttdqk-24,0,360000,10532
896-2ttdqk-24,0,360000,10532
896-2ttdqk-24,0,273000,10532
84r-1s2g8j-5,0,126000,10532
84r-1s2g8j-5,0,168000,10532
84m-1igt4r-1j,0,157500,10532
84s-1uldlt-1c,0,118036,10532
84s-1uldlt-1c,0,116190,10532
84n-1t5uft-1,0,180000,10532
84n-1t5uft-1,0,115000,10532
84p-1orggh-1,0,120000,10532
84n-1vadm7-2,0,126000,10532
8dm-3ml6d8-4,0,168000,10856
8dm-3ml6d8-4,0,154668,10856
8e8-3qhic3-5,0,120000,10856
8dm-3ml6d8-4,0,180000,10856
8dm-3ml6d8-4,0,163000,10856
8dt-3nxier-m,0,144000,10856
8dw-3oe5xq-1j,0,285000,10856
8dw-3oe5xq-1j,0,315000,10856
8dw-3oe5xq-1j,0,360000,10856
8dw-3oe5xq-1j,0,126000,10856
8dw-3oe5xq-1j,0,168000,10856
8au-34klb7-j,0,120000,10491
8ar-344ygd-2,0,180000,10491
83f-1el28a-1,0,178500,10491
83f-1el28a-1,0,210000,10491
83f-1el28a-1,0,239400,10491
83f-1el28a-1,0,252000,10491
83f-1el28a-1,0,351120,10491
8ay-35co56-h,0,120000,10491
8ay-35co56-h,0,144000,10491
8ay-35co56-h,0,144000,10491
7uf-kfx82-23,0,360000,10160
7wp-qf6j7-43,0,189000,10160
7wp-qf6j7-43,0,360000,10160
7wp-qf6j7-43,0,369600,10160
7wp-qfpn4-d,0,144000,10160
857-24bo1z-1b,0,168000,10160
7u8-jz2o2-3n,0,189000,10160
850-217zgk-6,0,181000,10160
879-2hj298-19,0,184800,10561
85h-26q0zk-2,0,144000,10561
873-2gl9kc-g,0,120000,10561
873-2gl9kc-g,0,120000,10561
873-2gl9kc-g,0,120000,10561
7ym-xymnd-z,0,124000,10300
7ym-xymnd-z,0,285000,10300
7ym-xymnd-z,0,189000,10300
7ym-xymnd-z,0,126000,10300
7ym-xymnd-z,0,360000,10300
85u-28bll3-j,0,108000,10300
81o-18b4mw-2g,0,120000,10340
81o-18b4mw-2g,0,120000,10340
7z8-100xw4-3s,0,159600,10340
7tq-j28hj-2,0,120000,10140
7tq-j28hj-2,0,144000,10140
7tq-j28hj-2,0,144000,10140
7vp-nqjgs-2,0,159600,10140
7vp-nqjgs-2,0,151200,10140
7tq-j1v8u-2p,0,189000,10140
7tq-j1v8u-2p,0,336000,10140
7tq-j1v8u-2p,0,100800,10140
7tq-j1v8u-2p,0,168000,10140
7tq-j1v8u-2p,0,126000,10140
7tq-j1v8u-2p,0,220500,10140
7wu-qy5lc-y,0,200000,10183
7wu-qy5lc-y,0,294000,10183
7wu-qy5lc-y,0,120000,10183
7wu-qy5lc-y,0,120000,10183
7v8-mm0pz-y,0,120000,10183
7v8-mm0pz-y,0,144000,10183
7v8-mm0pz-y,0,144000,10183
7v5-mgbdx-d,0,120000,10183
7v5-mgbdx-d,0,144000,10183
7ux-ls9j2-18,0,144000,10183
flh-13dk16-c,0,166150,20020
flo-14obqm-g,0,200000,20020
flg-135b7p-h,0,143000,20020
flo-14obqm-g,0,200000,20020
flo-14obqm-g,0,180000,20020
flo-14obqm-g,0,180000,20020
flo-14obqm-g,0,145000,20020
flo-14obqm-g,0,160000,20020
flg-135b7p-h,0,273000,20020
flo-14obqm-g,0,168000,20020
flg-135b7p-h,0,360000,20020
flo-14obqm-g,0,126000,20020
flg-135b7p-h,0,166320,20020
flo-14obqm-g,0,166320,20020
flo-14obqm-g,0,184800,20020
flg-135b7p-h,0,220500,20020
flg-135b7p-h,0,264600,20020
flg-135b7p-h,0,120000,20020
flg-135b7p-h,0,120000,20020
flo-14obqm-g,0,144000,20020
fgd-hq96i-5x,0,100800,20020
82g-1bcelq-4,0,181000,10347
82g-1bcelq-4,0,126000,10347
82g-1bcelq-4,0,168000,10347
82g-1bcelq-4,0,220500,10347
858-24cp4h-i,0,105000,10347
858-24cp4h-i,0,115500,10347
858-24cp4h-i,0,100800,10347
88l-2q69ba-c,0,264000,10347
88l-2q69ba-c,0,189000,10347
88l-2q69ba-c,0,315000,10347
88l-2q69ba-c,0,126000,10347
88l-2q69ba-c,0,288000,10347
88l-2q69ba-c,0,160000,10347
88l-2q69ba-c,0,200000,10347
88l-2q69ba-c,0,200000,10347
88l-2q69ba-c,0,200000,10347
88l-2q69ba-c,0,180000,10347
88l-2q69ba-c,0,180000,10347
88l-2q69ba-c,0,180000,10347
88l-2q69ba-c,0,145000,10347
88l-2q69ba-c,0,145000,10347
88l-2q69ba-c,0,126000,10347
88l-2q69ba-c,0,107100,10347
7zf-10jiwc-1,0,132300,10347
7zf-10jiwc-1,0,189000,10347
7zf-10jiwc-1,0,288000,10347
7zf-10jiwc-1,0,144000,10347
7zf-10jiwc-1,0,144000,10347
7zf-10jiwc-1,0,144000,10347
7zf-10jiwc-1,0,120000,10347
7zf-10jiwc-1,0,108000,10347
7zf-10jiwc-1,0,144000,10347
7zf-10jiwc-1,0,144000,10347
7zf-10jiwc-1,0,144000,10347
874-2gpvhb-4,0,120000,10293
874-2gpvhb-4,0,240000,10293
874-2gpvhb-4,0,143000,10293
874-2gpvhb-4,0,126000,10293
874-2gpvhb-4,0,168000,10293
874-2gpvhb-4,0,220500,10293
874-2gpvhb-4,0,264600,10293
83w-1ge1f0-14,0,249480,10293
83w-1ge1f0-14,0,221760,10293
83w-1ge1f0-14,0,184800,10293
83w-1ge1f0-14,0,138600,10293
7y0-vesns-22,0,120000,10293
7y0-vesns-22,0,108000,10293
7y0-vesns-22,0,189000,10293
83q-1frkdf-11,0,115200,10293
7zn-112ocn-25,0,184800,10293
7zn-112ocn-25,0,110880,10293
7zn-112ocn-25,0,190000,10293
7zn-112ocn-25,0,162000,10293
88k-2q3e8f-7,0,277200,10645
88k-2q3e8f-7,0,264600,10645
88a-2o5j50-4h,0,115000,10645
88a-2o5j50-4h,0,180000,10645
88a-2o5j50-4h,0,146000,10645
88a-2o5j50-4h,0,200000,10645
88a-2o5j50-4h,0,137000,10645
88k-2q3e8f-7,0,190000,10645
88k-2q3e8f-7,0,315000,10645
88a-2o5j50-4h,0,285000,10645
88a-2o5j50-4h,0,285000,10645
88a-2o5j50-4h,0,315000,10645
88k-2q3e8f-7,0,180000,10645
88a-2o5j50-4h,0,315000,10645
88a-2o5j50-4h,0,315000,10645
88k-2q3e8f-7,0,360000,10645
88a-2o5j50-4h,0,360000,10645
88a-2o5j50-4h,0,360000,10645
88k-2q3e8f-7,0,160000,10645
88c-2omeit-c,0,129600,10645
87u-2ldhxa-p,0,120000,10645
87u-2ldhxa-p,0,144000,10645
87u-2ldhxa-p,0,144000,10645
88a-2oigdc-d,0,240000,10645
80m-14b686-21,0,110880,10645
80m-14b686-21,0,189000,10645
8fa-3whswa-2,0,144000,10915
8f8-3w936e-c,0,110880,10915
8fg-3x33oz-6,0,194040,10923
8fp-3xu0o5-2g,0,142800,10931
8fq-3xxuem-b,0,144000,10931
8fq-3xxuem-b,0,181000,10931
fg2-hpxih-4m,0,264600,20313
fpp-2s86zs-5,0,143000,20313
fpp-2s86zs-5,0,108000,20313
fpp-2s86zs-5,0,120000,20313
fpp-2s86zs-5,0,144000,20313
fpp-2s86zs-5,0,318000,20313
fge-hrmad-3w,0,120000,20313
fge-hrmad-3w,0,144000,20313
fge-hrmad-3w,0,144000,20313
fge-hrmad-3w,0,144000,20313
83x-1gia7o-k,0,120000,10585
83x-1gia7o-k,0,144000,10585
83x-1gia7o-k,0,144000,10585
83v-1gckle-1c,0,133000,10585
87x-2lur7e-1z,0,115000,10585
87x-2lur7e-1z,0,155400,10585
863-29yfs4-o,0,100800,10585
862-29rheu-10,0,184800,10585
87y-2m28v3-6,0,120000,10585
8by-3bqiy8-8,0,252000,10744
8an-33cemk-g,0,110880,10744
7v6-mig3v-9,0,108000,10067
7v6-mig3v-9,0,144000,10067
7rn-i8xht-3,0,151200,10067
7rn-i8xht-3,0,168000,10067
7rn-i8xht-3,0,220500,10067
7rn-i8xht-3,0,220500,10067
7rn-i8xht-3,0,264600,10067
7wk-pwyyw-k,0,184800,10067
7wk-pwyyw-k,0,221760,10067
7t3-ia84z-34,0,369600,10097
7t3-ia84z-34,0,220500,10097
flu-15qg1h-3,0,133560,20171
flu-15qg1h-3,0,166320,20171
flu-15qg1h-3,0,134820,20171
flu-15n2cj-c,0,126000,20171
fki-vz98e-12,0,285000,20171
fki-vz98e-12,0,105000,20171
fm5-17nchb-s,0,200000,20171
fm5-17kyf8-2,0,144000,20171
fm5-17kyf8-2,0,108000,20171
fm5-17kyf8-2,0,180000,20171
fm5-17kyf8-2,0,124000,20171
fm5-17kyf8-2,0,124000,20171
fm5-17kyf8-2,0,159600,20171
fm5-17kyf8-2,0,199500,20171
fkk-wjikd-2,0,110250,20171
fkk-wjikd-2,0,203280,20171
fkk-wjikd-2,0,110880,20171
8bd-3c72uw-3,0,109408,10337
8bd-3c72uw-3,0,125048,10337
8bd-3c72uw-3,0,123092,10337
8bd-3c72uw-3,0,191886,10337
86d-2bphre-1,0,120000,10512
86d-2bphre-1,0,240000,10512
86d-2bphre-1,0,315000,10512
84e-1hubrg-9f,0,124740,10512
84e-1hubrg-9f,0,184800,10512
fir-mfwlx-2k,0,120000,10569
fir-mfwlx-2k,0,163000,10569
fir-mfwlx-2k,0,181000,10569
fir-mfwlx-2k,0,226800,10569
fir-mfwlx-2k,0,241920,10569
fir-mfwlx-2k,0,110880,10569
fir-mfwlx-2k,0,441000,10569
fir-mfwlx-2k,0,144000,10569
fir-mfy9g-25,0,163000,10569
fir-mfy9g-25,0,252000,10569
fir-mfy9g-25,0,352800,10569
fir-mfy9g-25,0,441000,10569
fir-mfy9g-25,0,181000,10569
fir-mfwez-r,0,112000,10569
fir-mfwez-r,0,252000,10569
fir-mfwez-r,0,352800,10569
fir-mfwez-r,0,120000,10569
fir-mfwez-r,0,181000,10569
fir-mfwez-r,0,146000,10569
fir-mfwez-r,0,145000,10569
fir-mfwez-r,0,144000,10569
fir-mfwez-r,0,144000,10569
871-2g1myp-1p,0,169680,10609
86y-2fjduf-o,0,120000,10609
86y-2fjduf-o,0,120000,10609
fp9-2m5aqx-4,0,168000,20265
fp9-2m5aqx-4,0,220500,20265
8g8-3zsrex-a,0,169260,10951
8g8-3zsrex-a,0,137140,10951
8g8-3zsrex-a,0,163000,10951
8g8-3zsrex-a,0,130000,10951
8g8-3zsrex-a,0,126000,10951
8g2-3z6b7s-3,0,120000,10945
8g6-3zluhz-a,0,115000,10949
8g4-3zesw2-5,0,200000,10947
8g3-3zax7j-m,0,336000,10947
858-24eksp-l,0,120000,10334
858-24eksp-l,0,144000,10334
858-24eksp-l,0,144000,10334
858-24eksp-l,0,120000,10334
858-24eksp-l,0,144000,10334
fgf-hrhb2-2z,0,180000,10362
fgf-hrhb2-2z,0,180000,10362
fgf-hrhb2-2z,0,180000,10362
fhg-ihg45-20,0,120000,10362
fhg-ihg45-20,0,144000,10362
fhg-ihg45-20,0,144000,10362
fl4-10utr0-7,0,144000,10362
823-1a6qo9-1k,0,110880,10441
fmr-1cutfp-5,0,120000,20124
fmr-1cutfp-5,0,144000,20124
fju-rm63n-q,0,120000,20124
fpt-2therz-2,0,294000,20305
fpt-2therz-2,0,360000,20305
fpt-2therz-2,0,360000,20305
fpt-2therz-2,0,126000,20305
fpt-2therz-2,0,168000,20305
fpt-2therz-2,0,168000,20305
fpt-2therz-2,0,220500,20305
fpt-2therz-2,0,239400,20305
fpt-2therz-2,0,369600,20305
fnd-1hb74d-h,0,120000,20275
fnd-1hb74d-h,0,120000,20275
fnd-1hb74d-h,0,144000,20275
fnd-1hb74d-h,0,144000,20275
fnd-1hb74d-h,0,315000,20275
fnf-1hnvqw-7,0,388080,20275
8gf-40ktmx-a,0,352800,10959
8gg-40loyj-1,0,221760,10959
8gg-40icji-1,0,133000,10959
8gg-40loyj-1,0,147840,10959
8gn-415bp3-5,0,214200,10967
8gk-40v4mv-2,0,295680,10964
8gk-40v4mv-2,0,110880,10964
8gt-41pow3-2,0,181000,10971
8h1-42jggb-3,0,105000,10981
8h1-42kjvk-1,0,105000,10981
8h1-42kgog-3,0,120000,10981
8h1-42kgog-3,0,120000,10981
8h1-42kgog-3,0,120000,10981
8h1-42kgog-3,0,144000,10981
8h1-42kgog-3,0,144000,10981
8h1-42kgog-3,0,336000,10981
8h1-42kgog-3,0,220500,10981
8h1-42kgog-3,0,210000,10981
8h1-42kgog-3,0,195882,10981
8hf-43yi2m-1p,0,110880,10995
8hf-441093-3,0,184800,10995
8hf-441093-3,0,220500,10995
8hf-441093-3,0,168000,10995
8hf-441093-3,0,441000,10995
8hf-441093-3,0,264600,10995
8he-43xba7-9,0,187008,10994
8he-43v7pd-4,0,118036,10994
8hg-444qzb-3,0,216000,10996
8hg-444qzb-3,0,184800,10996
8hm-44odqo-e,0,109408,11002
8hi-449fv3-1,0,146000,10998
8hr-45cufa-b,0,105000,11007
8hr-45cufa-b,0,105000,11007
8hr-45cufa-b,0,120000,11007
8hr-45cufa-b,0,120000,11007
8hr-45bk1p-1,0,180000,11007
8hr-45cjue-d,0,100800,11007
8hr-45cjue-d,0,107520,11007
8hr-45cjue-d,0,110880,11007
8hr-45cjue-d,0,210000,11007
8hr-45cjue-d,0,441000,11007
8hq-457g7x-1,0,195882,11006
8hq-457g7x-1,0,163000,11006
8hq-457y7k-4,0,252000,11006
8hq-457y7k-4,0,352800,11006
8hq-457y7k-4,0,441000,11006
8hq-457m2d-e,0,138600,11006
8ho-44w1w3-9,0,171000,11004
8ho-44we20-6,0,181000,11004
8hs-45hwmd-1,0,112000,11008
8hp-451gt4-3,0,113400,11005
8ht-45ux99-8,0,146000,11009
8hu-4613t6-4,0,108656,11010
8hu-4613t6-4,0,169260,11010
8hu-460jvj-3,0,160000,11010
8hu-460jvj-3,0,180000,11010
8hu-460jvj-3,0,160000,11010
8hu-460jvj-3,0,180000,11010
8hv-464cxl-2,0,210000,11011
8hw-468wer-6,0,276000,11012
8hx-46c03v-6,0,171000,11013
8hx-46c3em-2,0,187008,11013
8hy-46fxmy-5,0,145000,11014
8hy-46fxmy-5,0,118516,11014
8hy-46fxmy-5,0,181000,11014
8hy-46f7kf-1,0,123092,11014
8hy-46fxmy-5,0,181000,11014
8hz-46j36f-i,0,120000,11015
8hz-46lnfs-2,0,190000,11015
8hz-46lnfs-2,0,285000,11015
8hz-46lnfs-2,0,108656,11015
8i1-46tkew-3,0,145000,11017
8i1-46tkew-3,0,163000,11017
8i1-46tkew-3,0,162000,11017
8i1-46tkew-3,0,206000,11017
8i3-46zj7k-6,0,285000,11019
8i3-46zj7k-6,0,171000,11019
8i4-473e9w-1,0,180000,11020
8i4-471trg-4,0,112000,11020
8i4-471rhi-1,0,163806,11020
8i4-471rhi-1,0,120000,11020
8i4-471rhi-1,0,190000,11020
8i4-471rhi-1,0,285000,11020
8i4-471rhi-1,0,213630,11020
8i4-473cjr-k,0,163000,11020
8i4-473cjr-k,0,180000,11020
8i5-4784uk-4,0,105000,11021
8i6-47brve-1,0,206000,11022
8i6-47brve-1,0,181000,11022
8i6-479kfq-3,0,160000,11022
8i6-479kfq-3,0,160000,11022
8i7-47ckwf-1,0,200000,11023
8i8-47ilkr-5,0,109408,11024
8i8-47ilkr-5,0,198810,11024
8i8-47ilkr-5,0,213630,11024
8i8-47gynj-a,0,266000,11024
8i8-47gynj-a,0,190000,11024
8i8-47gynj-a,0,198810,11024
8i8-47gynj-a,0,213630,11024
8i8-47gynj-a,0,145000,11024
8i8-47jd3r-3,0,108656,11024
8i8-47ga9s-6,0,191886,11024
8i8-47ga9s-6,0,285000,11024
8i8-47h6uc-e,0,285000,11024
8i8-47gjwf-3,0,285000,11024
8i8-47gjwf-3,0,190000,11024
8i9-47kg93-1,0,198810,11025
8dc-3kvj5p-o,0,120000,10825
8dc-3kvj5p-o,0,144000,10825
8dc-3kvj5p-o,0,144000,10825
8d2-3iza6s-l,0,120000,10825
8d2-3iza6s-l,0,119700,10825
8d2-3iza6s-l,0,168000,10825
8fc-3wq90b-4,0,315000,10919
8fc-3wnwbu-2,0,105000,10919
fgk-ht5gu-i,0,120000,10590
fgk-ht5gu-i,0,120000,10590
86k-2d4s85-c,0,126000,10590
fg5-hpopr-8m,0,315000,10590
fg5-hpopr-8m,0,315000,10590
fg5-hpopr-8m,0,360000,10590
869-2bcche-o,0,190000,10590
869-2bcche-o,0,285000,10590
869-2bcche-o,0,189000,10590
869-2bcche-o,0,264600,10590
8ak-32qghx-3m,0,134400,10744
8ak-331tbi-9,0,129600,10744
8ak-331tbi-9,0,129600,10744
8ak-331tbi-9,0,129600,10744