return {
	prop =
	{
		activityId = 390,
		name = [[新春扫货]],
		title = [[活动详情]],
		tips = [[<font color="#adb0c0" face = "Microsoft YaHei" fontsize ="20">1.本就超低折扣，凑满还要再减。喜欢哪个，只管加到购物车，买的越多，减得越狠！<br/>2.商品添加到购物车之后，金额达到特定条件会自动减价。买的越多减得越多。<br/>3.每趟购物车中，最高的10000档位可以不限次生效，但其他满减档位则最多只能生效1个。<br/>4.例如：购物车总价58000，会生效5个10000档，以及1个5000档。您可以多多尝试找出最适合您的凑单策略。</font>]],
		priority = 10040,
		icon = [[Activity_Icon_390_Nor.png]],
		selecticon = [[Activity_Icon_390_Sel.png]],
		bigIcon = [[Activity_BattlefieldWelfare_u_Rendered.png]],
		multipleDrawLimitValue = 1,
		addItemsTime = [[00:00:01]],
		bugTime = [[00:01:00-23:59:59]],
		fixedItemsValue = 4,
		randomItemsValue = 8,
	},
	newYearStore390_shop = [[id	getItem	times	payItemShow	payItem	refreshType	weight	shopItemType	buyLimitTxt
1	2	1	2	2	1	2	1	2
1	30000_802006_1	40	10000_1000_20	10000_1000_3			2	@Act390_0037
2	30000_100050_4	200	10000_1000_300	10000_1000_15			2	@Act390_0038
3	30000_820002_20	20		10000_1000_300	1	100	2	@Act390_0036
4	30000_802006_10	150		10000_1000_70	1	150	2	@Act390_0036
5	30000_21063076_50	20		10000_1000_450	1	120	2	@Act390_0036
6	30000_21063077_100	40		10000_1000_180	1	100	2	@Act390_0036
7	30000_21070056_300	20		10000_1000_363	1	120	2	@Act390_0036
8	30000_21065001_100	24		10000_1000_330	1	100	2	@Act390_0036
9	30000_1782123_100	15		10000_1000_462	1	120	2	@Act390_0036
10	30000_802005_100	128		10000_1000_55	1	100	2	@Act390_0036
11	30000_802004_250	50		10000_1000_135	1	100	2	@Act390_0036
12	30000_1300037_50	20		10000_1000_360	1	120	2	@Act390_0036
13	30000_1300027_600	50		10000_1000_135	1	100	2	@Act390_0036
14	30000_1300017_1000	100		10000_1000_56	1	100	2	@Act390_0036
15	30000_21063005_300	100		10000_1000_72	1	100	2	@Act390_0036
16	30000_1782103_500	120		10000_1000_60	1	100	2	@Act390_0036
17	30000_1782106_100	50		10000_1000_160	1	100	2	@Act390_0036
18	30000_9990032_300	100		10000_1000_74	1	100	2	@Act390_0036
19	30000_800002_500	100		10000_1000_70	1	100	2	@Act390_0036
20	30000_1000005_10	15		10000_1000_465	1	120	2	@Act390_0036
21	30000_850051_20	1	10000_1000_200	10000_1000_60			2	@Act390_0037
22	30000_850048_8	1	10000_1000_800	10000_1000_24			2	@Act390_0037
]],
	newYearStore390_discount = [[id	discountTriggerValue	discountReduceValue	maxGear
1	2	2	1
1	10000_1000_1000	10000_1000_150	
2	10000_1000_1800	10000_1000_300	
3	10000_1000_3000	10000_1000_600	
4	10000_1000_5000	10000_1000_1200	
5	10000_1000_10000	10000_1000_3000	1
]],
	newYearStore390_plans = [[id	shopId	name
1	2	2
1	1,1,1,1,1,1,1,1,1,1,5,5,5,5,5,5,5,5,5,5,8,8,8,8,8,8,8,8,8,8,9,9,9,9,9,9,9,9,9,9,9,9,9,9,9,9,9,9,9,9,9,9,9,9,9,9,9,9,9,9,9,9,9,9,9,9,9,9,9,9,11,11,11,11,11,11,11,11,11,11,11,11,11,11,11,11,11,11,11,11,11,11,11,11,11,11,11,11,11,11,11,11,11,11,11,11,11,11,11,11,15,15,15,15,15,15,15,15,15,15,15,15,15,15,15,15,15,15,15,15,15,15,15,15,15,15,15,15,15,15,15,15,15,15,15,15,15,15,15,15,15,15,15,15,15,15,15,15,15,15	@ActStore390_0001
2	2,2,2,2,2,2,2,2,2,2,6,6,6,6,6,6,6,6,6,6,6,6,6,6,6,6,6,6,6,6,6,6,6,6,6,6,6,6,6,6,6,6,6,6,6,6,6,6,6,6,9,9,9,9,9,9,9,9,9,9,11,11,11,11,11,11,11,11,11,11,16,16,16,16,16,16,16,16,16,16,16,16,16,16,16,16,16,16,16,16,16,16,16,16,16,16,16,16,16,16,16,16,16,16,16,16,16,16,16,16,18,18,18,18,18,18,18,18,18,18,18,18,18,18,18,18,18,18,18,18,18,18,18,18,18,18,18,18,18,18,18,18,18,18,18,18,18,18,18,18,18,18,18,18,18,18,18,18,18,18,18,18,18,18,18,18,18,18,18,18,18,18,18,18,18,18,18,18,18,18,18,18,18,18,18,18,18,18,18,18,18,18,18,18,18,18,18,18,18,18,18,18,18,18,18,18,18,18,18,18,18,18,18,18,18,18,18,18,18,18,18,18,18,18,18,18,18,18,18,18,18,18,18,18,18,18,18,18,18,18,18,18,18,18,18,18,18,18,18,18,18,18,18,18,18,18,18,18,18,18,18,18,18,18,18,18,18,18,18,18,18,18,18,18,18,18,18,18,18,18,18,18,18,18,18,18,18,18,18,18,18,18,18,18,18,18,18,18,18,18,18,18,18,18,18,18,18,18,18,18	@ActStore390_0002
3	3,3,3,3,3,3,3,3,3,3,5,5,5,5,5,5,5,5,5,5,5,5,5,5,5,5,5,5,5,5,5,5,5,5,5,5,5,5,5,5,5,5,5,5,5,5,5,5,5,5,5,5,5,5,5,5,5,5,5,5,5,5,5,5,5,5,5,5,5,5,5,5,5,5,5,5,5,5,5,5,5,5,5,5,5,5,5,5,5,5,7,7,7,7,7,7,7,7,7,7,7,7,7,7,7,7,7,7,7,7,7,7,7,7,7,7,7,7,7,7,7,7,7,7,7,7,7,7,7,7,7,7,7,7,7,7,7,7,7,7,7,7,7,7,7,7,7,7,7,7,9,9,9,9,9,9,9,9,9,9,10,10,10,10,10,10,10,10,10,10,10,10,10,10,10,10,10,10,10,10,10,10,10,10,10,10,10,10,10,10,10,10,10,10,10,10,10,10,10,10,11,11,11,11,11,11,11,11,11,11	@ActStore390_0003
4	4,4,4,4,4,4,4,4,4,4,6,6,6,6,6,6,6,6,6,6,12,12,12,12,12,12,12,12,12,12,12,12,12,12,12,12,12,12,12,12,12,12,12,12,12,12,12,12,12,12,12,12,12,12,12,12,12,12,12,12,12,12,12,12,12,12,12,12,12,12,12,12,12,12,12,12,12,12,12,12,12,12,12,12,12,12,12,12,12,12,12,12,12,12,12,12,12,12,12,12,13,13,13,13,13,13,13,13,13,13,14,14,14,14,14,14,14,14,14,14,17,17,17,17,17,17,17,17,17,17	@ActStore390_0004
]],

}