return {
	prop =
	{
		activityId = 392,
		name = [[新服跃迁]],
		title = [[活动详情]],
		tips = [[<font color="#adb0c0" face = "Microsoft YaHei" fontsize ="20">1. 指挥官可在活动界面购买<font color="#ffe782" face = "Microsoft YaHei" fontsize ="20">跃迁行动礼包</font>。<br/>2. 购买成功后，系统将自动把<font color="#ffe782" face = "Microsoft YaHei" fontsize ="20">建筑工厂</font>提升至礼包对应的目标等级；同时，将<font color="#ffe782" face = "Microsoft YaHei" fontsize ="20">建筑工厂</font>升级所涉及的全部前置建筑同步提升。<br/>3. 本礼包为直购礼包；购买金额不计入首充、累充等充值统计类活动。<br/></font>]],
		priority = 20690,
		icon = [[Activity_Icon_392_Nor.png]],
		selecticon = [[Activity_Icon_392_Sel.png]],
		levelLimit = 5,
		isTip = 1,
	},
	act392_base_build = [[id	giftpacksid	buildId	buildType	isDIY
1	1	1	1	1
1	1	201021	2010	0
2	1	210120	2101	1
3	1	210220	2102	1
4	1	221620	2216	1
5	1	202420	2024	0
6	1	202620	2026	1
7	1	201320	2013	0
8	1	201120	2011	0
9	1	221720	2217	0
10	1	210320	2103	1
11	1	210420	2104	1
12	1	201620	2016	0
13	1	221020	2210	0
14	2	201025	2010	0
15	2	210124	2101	1
16	2	210224	2102	1
17	2	221624	2216	1
18	2	202424	2024	0
19	2	202624	2026	1
20	2	201324	2013	0
21	2	201124	2011	0
22	2	221724	2217	0
23	2	210324	2103	1
24	2	210424	2104	1
25	2	201624	2016	0
26	2	201224	2012	0
27	2	201424	2014	0
28	2	201524	2015	0
29	2	221024	2210	0
30	3	201025	2010	0
31	3	210124	2101	1
32	3	210224	2102	1
33	3	221624	2216	1
34	3	202424	2024	0
35	3	202624	2026	1
36	3	201324	2013	0
37	3	201124	2011	0
38	3	221724	2217	0
39	3	210324	2103	1
40	3	210424	2104	1
41	3	201624	2016	0
42	3	201224	2012	0
43	3	201424	2014	0
44	3	201524	2015	0
45	3	221024	2210	0
]],
	act392_giftpacks = [[id	firstlevel	triggerlevel	reachlevel	iosPayId	androidPayId	payQuota
1	2	1	1	1	1	1
1	0_14	5	21	3920101	3920001	30
2	0_14	21	25	3920102	3920002	68
3	15_99	5	25	3921101	3921001	98
]],

}